created: 20220327075212101
creator: @oeyoews
difficulty: 0.5255733166154046
due: 20220329161228644
grade: -1
history: []
interval: 0
lapses: 0
modified: 20220328161228644
modifier: @oeyoews
reps: 1
retrievability: 1
review: 20220328161228644
stability: 0.1000004529953003
tags: EnglishWord ?
title: assess
type: text/vnd.tiddlywiki

* 评估