created: 20220227071429034
creator: oeyoews
difficulty: 3.134729389433022
due: 20220311020252087
grade: -1
history: []
interval: 0
lapses: 0
modified: 20220311044418194
modifier: @oeyoews
reps: 1
retrievability: 1
review: 20220310020252087
stability: 0.10011596679687501
tags: EnglishWord ?
title: at once
type: text/vnd.tiddlywiki

* 立刻， 马上