created: 20220316032128318
creator: @oeyoews
difficulty: 1.8299972256802912
due: 20220317034337971
grade: -1
history: []
interval: 0
lapses: 0
modified: 20220316034337971
modifier: @oeyoews
reps: 1
retrievability: 1
review: 20220316034337971
stability: 0.1000072479248047
tags: EnglishWord ?
title: attendee
type: text/vnd.tiddlywiki

出席者