created: 20220316032048251
creator: @oeyoews
difficulty: 1.6510867920234369
due: 20220317112916728
grade: -1
history: []
interval: 0
lapses: 0
modified: 20220316112916728
modifier: @oeyoews
reps: 1
retrievability: 1
review: 20220316112916728
stability: 0.10000362396240235
tags: EnglishWord ?
title: ballot
type: text/vnd.tiddlywiki

投票