created: 20220322134610589
creator: @oeyoews
difficulty: 0.3108704956392557
due: 20220423135233759
grade: -1
history: []
interval: 0
lapses: 0
modified: 20220422135233759
modifier: oeyoews
reps: 1
retrievability: 1
review: 20220422135233759
stability: 0.10000011324882507
tags: EnglishWord ?
title: between jobs
type: text/vnd.tiddlywiki

* 失业