created: 20220227032350385
creator: oeyoews
difficulty: 3.134729389433022
due: 20220311020401551
grade: -1
history: []
interval: 0
lapses: 0
modified: 20220311044418196
modifier: @oeyoews
reps: 1
retrievability: 1
review: 20220310020401551
stability: 0.10011596679687501
tags: EnglishWord ?
title: but
type: text/vnd.tiddlywiki

* 除了（后面不接句子）