created: 20220316080123093
creator: @oeyoews
difficulty: 1.349480127946827
due: 20220319141433314
grade: -1
history: []
interval: 0
lapses: 0
modified: 20220318141433314
modifier: @oeyoews
reps: 1
retrievability: 1
review: 20220318141433314
stability: 0.10000181198120117
tags: EnglishWord ?
title: dawn
type: text/vnd.tiddlywiki

* 开端 黎明 破晓