created: 20220316032906762
creator: @oeyoews
difficulty: 1.8299972256802912
due: 20220317034233235
grade: -1
history: []
interval: 0
lapses: 0
modified: 20220316034233235
modifier: @oeyoews
reps: 1
retrievability: 1
review: 20220316034233235
stability: 0.1000072479248047
tags: EnglishWord ?
title: draw up
type: text/vnd.tiddlywiki

* 起草， 拟定