created: 20220316083813402
creator: @oeyoews
difficulty: 1.349480127946827
due: 20220319144149914
grade: -1
history: []
interval: 0
lapses: 0
modified: 20220318144149914
modifier: @oeyoews
reps: 1
retrievability: 1
review: 20220318144149914
stability: 0.10000181198120117
tags: EnglishWord ?
title: mathematics
type: text/vnd.tiddlywiki

it's [[abbr]] is math, offten used be oral statement