created: 20220320085529963
creator: @oeyoews
difficulty: 1.0062688081677507
due: 20220321113004840
grade: -1
history: []
interval: 0
lapses: 0
modified: 20220320113004840
modifier: @oeyoews
reps: 1
retrievability: 1
review: 20220320113004840
stability: 0.10000090599060059
tags: EnglishWord ?
title: overruled
type: text/vnd.tiddlywiki

* 推翻， 否决