created: 20220403034910456
creator: @oeyoews
difficulty: 0.40291375445826566
due: 20220408103941424
grade: -1
history: []
interval: 0
lapses: 0
modified: 20220407103941424
modifier: @oeyoews
reps: 1
retrievability: 1
review: 20220407103941424
stability: 0.1000004529953003
tags: EnglishWord ?
title: stay off
type: text/vnd.tiddlywiki

* 远离