created: 20220316033928239
creator: @oeyoews
difficulty: 1.6510867920234369
due: 20220317152138996
grade: -1
history: []
interval: 0
lapses: 0
modified: 20220316152138996
modifier: @oeyoews
reps: 1
retrievability: 1
review: 20220316152138996
stability: 0.10000362396240235
tags: EnglishWord ?
title: subtle
type: text/vnd.tiddlywiki

*  难以察觉或描述的