caption: {{||$:/plugins/oflg/fishing-cannedfish/2019hkw/SearchWord}}
created: 20220118152138960
creator: oeyoews
difficulty: 4.99637142069628
due: 20220216052057210
grade: -1
history: []
interval: 0
lapses: 0
modified: 20220215052057210
modifier: oeyoews
reps: 1
retrievability: 1
review: 20220215052057209
stability: 0.602019328518683
tags: [[必考核心词汇 Word List 1]] ?
title: 2019hkw/20220118152138960407
type: text/vnd.tiddlywiki
word: operation