caption: {{||$:/plugins/oflg/fishing-cannedfish/2019weak/SearchWord}}
created: 20220119011930945
creator: oeyoews
difficulty: 4.99637142069628
due: 20220216071252588
grade: -1
history: []
interval: 0
lapses: 0
modified: 20220215071252588
modifier: oeyoews
reps: 1
retrievability: 1
review: 20220215071252588
stability: 0.602019328518683
tags: [[美文原句 感悟人生]] ?
title: 2019weak/20220119011930945697
type: text/vnd.tiddlywiki
word: strike