caption: {{||$:/plugins/oflg/fishing-cannedfish/2019hkw/SearchWord}}
created: 20220118152138960
creator: oeyoews
difficulty: 4.99637142069628
due: 20220215210111597
grade: -1
history: []
interval: 0
lapses: 0
modified: 20220214210111597
modifier: oeyoews
reps: 1
retrievability: 1
review: 20220214210111597
stability: 0.602019328518683
tags: [[必考核心词汇 Word List 1]] ?
title: 2019hkw/20220118152138960248
type: text/vnd.tiddlywiki
word: casualty