caption: {{||$:/plugins/oflg/fishing-cannedfish/2022hkw/SearchWord}}
created: 20220119011932302
creator: oeyoews
difficulty: 2.4476805400532036
due: 20220227134747691
grade: -1
history: []
interval: 0
lapses: 0
modified: 20220226134747691
modifier: oeyoews
reps: 1
retrievability: 1
review: 20220226134747691
stability: 0.21875
tags: [[必考核心词汇 Word List 2]] ?
title: 2022hkw/20220119011932302224
type: text/vnd.tiddlywiki
word: pursuit