caption: {{||$:/plugins/oflg/fishing-cannedfish/2022yan1/SearchWord}}
created: 20220119011924980
creator: oeyoews
difficulty: 4.99637142069628
due: 20220216071323438
grade: -1
history: []
interval: 0
lapses: 0
modified: 20220215071323438
modifier: oeyoews
reps: 1
retrievability: 1
review: 20220215071323438
stability: 0.602019328518683
tags: [[第一部分 大纲常考词 A]] ?
title: 2022yan1/20220119011924980682
type: text/vnd.tiddlywiki
word: abrupt