caption: {{||$:/plugins/oflg/fishing-cannedfish/2022hkw/SearchWord}}
created: 20220119011932302
creator: oeyoews
difficulty: 2.4476805400532036
due: 20220227142529116
grade: -1
history: []
interval: 0
lapses: 0
modified: 20220226142529116
modifier: oeyoews
reps: 1
retrievability: 1
review: 20220226142529116
stability: 0.21875
tags: [[必考核心词汇 Word List 2]] ?
title: 2022hkw/20220119011932302231
type: text/vnd.tiddlywiki
word: concept