caption: {{||$:/plugins/oflg/fishing-cannedfish/2022hkw/SearchWord}}
created: 20220119011932301
creator: oeyoews
difficulty: 3.7478003092274337
due: 20220224144855202
grade: -1
history: []
interval: 0
lapses: 0
modified: 20220223144855202
modifier: oeyoews
reps: 1
retrievability: 1
review: 20220223144855202
stability: 0.5750000000000001
tags: [[必考核心词汇 Word List 1]] ?
title: 2022hkw/20220119011932301980
type: text/vnd.tiddlywiki
word: glowing