caption: {{||$:/plugins/oflg/fishing-cannedfish/20four/SearchWord}}
created: 20220119011921264
creator: oeyoews
difficulty: 5.172588613119608
due: 20220219163711580
grade: -1
history: []
interval: 0
lapses: 0
modified: 20220218163711580
modifier: oeyoews
reps: 1
retrievability: 1
review: 20220218163711580
stability: 1.0160338249076952
tags: [[Day 1 大纲新增词汇]] ?
title: 20four/20220119011921264990
type: text/vnd.tiddlywiki
word: garment