caption: {{||$:/plugins/oflg/fishing-cannedfish/20four/SearchWord}}
created: 20220119011921265
creator: oeyoews
difficulty: 2.4476805400532036
due: 20220227121446029
grade: -1
history: []
interval: 0
lapses: 0
modified: 20220226121446029
modifier: oeyoews
reps: 1
retrievability: 1
review: 20220226121446029
stability: 0.21875
tags: [[Day 2 核心词汇]] ?
title: 20four/20220119011921265130
type: text/vnd.tiddlywiki
word: rude