caption: {{||$:/plugins/oflg/fishing-cannedfish/20four/SearchWord}}
created: 20220119011921265
creator: oeyoews
difficulty: 1.7275095844283441
due: 20220228133927619
grade: -1
history: []
interval: 0
lapses: 0
modified: 20220227133927619
modifier: oeyoews
reps: 1
retrievability: 1
review: 20220227133927619
stability: 0.11484375000000001
tags: [[Day 2 核心词汇]] ?
title: 20four/20220119011921265218
type: text/vnd.tiddlywiki
word: deposit