caption: {{||$:/plugins/oflg/fishing-cannedfish/20four/SearchWord}}
created: 20220119011921264
creator: oeyoews
difficulty: 5.204133319080166
due: 20220219211235610
grade: -1
history: []
interval: 0
lapses: 0
modified: 20220217211235610
modifier: oeyoews
reps: 1
retrievability: 1
review: 20220217211235610
stability: 0.8780289927780245
tags: [[Day 1 核心词汇]] ?
title: 20four/20220119011921264814
type: text/vnd.tiddlywiki
word: betray