caption: {{||$:/plugins/oflg/fishing-cannedfish/20four/SearchWord}}
created: 20220119011921265
creator: oeyoews
difficulty: 2.4476805400532036
due: 20220227121544585
grade: -1
history: []
interval: 0
lapses: 0
modified: 20220226121544585
modifier: oeyoews
reps: 1
retrievability: 1
review: 20220226121544585
stability: 0.21875
tags: [[Day 2 核心词汇]] ?
title: 20four/20220119011921265163
type: text/vnd.tiddlywiki
word: yoghurt