caption: {{||$:/plugins/oflg/fishing-cannedfish/20four/SearchWord}}
created: 20220119011921265
creator: oeyoews
difficulty: 5.172588613119608
due: 20220220143244223
grade: -1
history: []
interval: 0
lapses: 0
modified: 20220219143244223
modifier: oeyoews
reps: 1
retrievability: 1
review: 20220219143244223
stability: 1.0160338249076952
tags: [[Day 2 核心词汇]] ?
title: 20four/20220119011921265154
type: text/vnd.tiddlywiki
word: withstand