caption: {{||$:/plugins/oflg/fishing-cannedfish/20four/SearchWord}}
created: 20220119011921264
creator: oeyoews
difficulty: 5.204133319080166
due: 20220220084709849
grade: -1
history: []
interval: 0
lapses: 0
modified: 20220218084709849
modifier: oeyoews
reps: 1
retrievability: 1
review: 20220218084709849
stability: 0.8780289927780245
tags: [[Day 1 大纲新增词汇]] ?
title: 20four/20220119011921264961
type: text/vnd.tiddlywiki
word: hyphen