caption: {{||$:/plugins/oflg/fishing-cannedfish/5500100/SearchWord}}
created: 20220118152122785
creator: oeyoews
difficulty: 5.204133319080166
due: 20220218160542364
grade: -1
history: []
interval: 0
lapses: 0
modified: 20220216160542364
modifier: oeyoews
reps: 1
retrievability: 1
review: 20220216160542364
stability: 0.8780289927780245
tags: [[Sentence 1 主题归纳 与“自我感觉良好”有关的词：]] ?
title: 5500100/20220118152122785925
type: text/vnd.tiddlywiki
word: sense