caption: {{||$:/plugins/oflg/fishing-cannedfish/5500100/SearchWord}}
created: 20220118152122786
creator: oeyoews
difficulty: 5.204133319080166
due: 20220219162014458
grade: -1
history: []
interval: 0
lapses: 0
modified: 20220217162014458
modifier: oeyoews
reps: 1
retrievability: 1
review: 20220217162014458
stability: 0.8780289927780245
tags: [[Sentence 4 核心词表]] ?
title: 5500100/20220118152122786291
type: text/vnd.tiddlywiki
word: necessity