caption: {{||$:/plugins/oflg/fishing-cannedfish/5500100/SearchWord}}
created: 20220118152122785
creator: oeyoews
difficulty: 5.172588613119608
due: 20220220144827165
grade: -1
history: []
interval: 0
lapses: 0
modified: 20220219144827165
modifier: oeyoews
reps: 1
retrievability: 1
review: 20220219144827165
stability: 1.0160338249076952
tags: [[Sentence 1 核心词表]] ?
title: 5500100/20220118152122785852
type: text/vnd.tiddlywiki
word: apply