caption: {{||$:/plugins/oflg/fishing-cannedfish/5500100/SearchWord}}
created: 20220118152122786
creator: oeyoews
difficulty: 5.172588613119608
due: 20220219190739932
grade: -1
history: []
interval: 0
lapses: 0
modified: 20220218190739932
modifier: oeyoews
reps: 1
retrievability: 1
review: 20220218190739932
stability: 1.0160338249076952
tags: [[Sentence 2 主题归纳 与“音乐家”有关的词：]] ?
title: 5500100/20220118152122786059
type: text/vnd.tiddlywiki
word: impressive