caption: {{||$:/plugins/oflg/fishing-cannedfish/5500100/SearchWord}}
created: 20220118152122786
creator: oeyoews
difficulty: 5.204133319080166
due: 20220219114849113
grade: -1
history: []
interval: 0
lapses: 0
modified: 20220217114849113
modifier: oeyoews
reps: 1
retrievability: 1
review: 20220217114849113
stability: 0.8780289927780245
tags: [[Sentence 2 主题归纳 与“音乐家”有关的词：]] ?
title: 5500100/20220118152122786110
type: text/vnd.tiddlywiki
word: retrospect