caption: {{||$:/plugins/oflg/fishing-cannedfish/5500100/SearchWord}}
created: 20220118152122785
creator: oeyoews
difficulty: 4.99637142069628
due: 20220216185232167
grade: -1
history: []
interval: 0
lapses: 0
modified: 20220215185232167
modifier: oeyoews
reps: 1
retrievability: 1
review: 20220215185232167
stability: 0.602019328518683
tags: [[Sentence 1 主题归纳 与“自我感觉良好”有关的词：]] ?
title: 5500100/20220118152122785919
type: text/vnd.tiddlywiki
word: reflection