caption: {{||$:/plugins/oflg/fishing-cannedfish/5500100/SearchWord}}
created: 20220118152122786
creator: oeyoews
difficulty: 5.204133319080166
due: 20220219152525056
grade: -1
history: []
interval: 0
lapses: 0
modified: 20220217152525056
modifier: oeyoews
reps: 1
retrievability: 1
review: 20220217152525056
stability: 0.8780289927780245
tags: [[Sentence 3 核心词表]] ?
title: 5500100/20220118152122786135
type: text/vnd.tiddlywiki
word: insect