created: 20220302153134829
creator: oeyoews
difficulty: 0.956170980055279
due: 20220303153432443
grade: -1
history: []
interval: 0
lapses: 0
modified: 20220302153617153
modifier: oeyoews
reps: 1
retrievability: 1
review: 20220302153432443
stability: 0.107421875
tags: Index English
title: English
type: text/vnd.tiddlywiki