created: 20220221000622549
creator: oeyoews
difficulty: 0.956170980055279
due: 20220302164902366
grade: -1
history: []
interval: 0
lapses: 0
modified: 20220302155159863
modifier: oeyoews
reps: 1
retrievability: 1
review: 20220301164902366
stability: 0.107421875
tags: everydaySentences ? English
title: everydaySentences
type: text/vnd.tiddlywiki

 