created: 20220222124746007
creator: oeyoews
difficulty: 0.956170980055279
due: 20220302164906774
grade: -1
history: []
interval: 0
lapses: 0
modified: 20220301164906775
modifier: oeyoews
reps: 1
retrievability: 1
review: 20220301164906774
stability: 0.107421875
tags: English ?
title: note/1
type: text/vnd.tiddlywiki

* 零冠词(Zero articles )是指名词前面没有不定冠词( a、an )、定冠词( the )