created: 20220301014301424
creator: oeyoews
difficulty: 0.956170980055279
due: 20220305033511883
grade: -1
history: []
interval: 0
lapses: 0
modified: 20220304033511883
modifier: oeyoews
reps: 1
retrievability: 1
review: 20220304033511883
stability: 0.107421875
tags: EnglishWord ?
title: The Guardian
type: text/vnd.tiddlywiki

* 卫报