created: 20220222131725549
creator: oeyoews
difficulty: 0.956170980055279
due: 20220302164917297
grade: -1
history: []
interval: 0
lapses: 0
modified: 20220301164917297
modifier: oeyoews
reps: 1
retrievability: 1
review: 20220301164917297
stability: 0.107421875
tags: English ?
title: tobesorted2
type: text/vnd.tiddlywiki

* 事实有对错， 观点无真假