created: 20220216074204245
creator: oeyoews
difficulty: 4.99637142069628
due: 20220217074216920
grade: -1
history: []
interval: 0
lapses: 0
modified: 20220216074216920
modifier: oeyoews
reps: 1
retrievability: 1
review: 20220216074216920
stability: 0.602019328518683
tags: ?? ?
title: untitled 1
type: text/vnd.tiddlywiki

gygy