caption: {{||$:/plugins/oflg/fishing-cannedfish/2022hkw/SearchWord}}
created: 20220119011932304
creator: @oeyoews
difficulty: 3.134729389433022
due: 20220311105847549
grade: -1
history: []
interval: 0
lapses: 0
modified: 20220311044458946
modifier: @oeyoews
reps: 1
retrievability: 1
review: 20220310105847549
stability: 0.10011596679687501
tags: [[必考核心词汇 Word List 8]] ?
title: 2022hkw/20220119011932304041
type: text/vnd.tiddlywiki
word: wedge