caption: {{||$:/plugins/oflg/fishing-cannedfish/2022hkw/SearchWord}}
created: 20220119011932332
creator: @oeyoews
difficulty: 3.134729389433022
due: 20220311105832808
grade: -1
history: []
interval: 0
lapses: 0
modified: 20220311044458947
modifier: @oeyoews
reps: 1
retrievability: 1
review: 20220310105832808
stability: 0.10011596679687501
tags: [[必考核心词汇 Word List 16]] ?
title: 2022hkw/20220119011932332004
type: text/vnd.tiddlywiki
word: suspect