caption: {{||$:/plugins/oflg/fishing-cannedfish/2022hkw/SearchWord}}
created: 20220119011932333
creator: @oeyoews
difficulty: 3.134729389433022
due: 20220311105903339
grade: -1
history: []
interval: 0
lapses: 0
modified: 20220311044458947
modifier: @oeyoews
reps: 1
retrievability: 1
review: 20220310105903339
stability: 0.10011596679687501
tags: [[必考核心词汇 Word List 21]] ?
title: 2022hkw/20220119011932333977
type: text/vnd.tiddlywiki
word: conform