caption: {{||$:/plugins/oflg/fishing-cannedfish/2022hkw/SearchWord}}
created: 20220119011932304
creator: @oeyoews
difficulty: 2.8048752853837478
due: 20220313084915346
grade: -1
history: []
interval: 0
lapses: 0
modified: 20220312084915346
modifier: @oeyoews
reps: 1
retrievability: 1
review: 20220312084915346
stability: 0.10002899169921875
tags: [[必考核心词汇 Word List 10]] ?
title: 2022hkw/20220119011932304757
type: text/vnd.tiddlywiki
word: overlap