caption: {{||$:/plugins/oflg/fishing-cannedfish/2022hkw/SearchWord}}
created: 20220119011932332
creator: @oeyoews
difficulty: 2.2581235181359487
due: 20220314044912309
grade: -1
history: []
interval: 0
lapses: 0
modified: 20220313044912309
modifier: @oeyoews
reps: 1
retrievability: 1
review: 20220313044912309
stability: 0.10001449584960938
tags: [[必考核心词汇 Word List 18]] ?
title: 2022hkw/20220119011932332954
type: text/vnd.tiddlywiki
word: ample