caption: {{||$:/plugins/oflg/fishing-cannedfish/2022hkw/SearchWord}}
created: 20220119011932330
creator: @oeyoews
difficulty: 2.5144789956043523
due: 20220313164714759
grade: -1
history: []
interval: 0
lapses: 0
modified: 20220312164714759
modifier: @oeyoews
reps: 1
retrievability: 1
review: 20220312164714759
stability: 0.10002899169921875
tags: [[必考核心词汇 Word List 12]] ?
title: 2022hkw/20220119011932330580
type: text/vnd.tiddlywiki
word: essence