caption: {{||$:/plugins/oflg/fishing-cannedfish/2022hkw/SearchWord}}
created: 20220119011932333
creator: @oeyoews
difficulty: 2.0312491183836356
due: 20220315003030265
grade: -1
history: []
interval: 0
lapses: 0
modified: 20220314003030265
modifier: @oeyoews
reps: 1
retrievability: 1
review: 20220314003030265
stability: 0.1000072479248047
tags: [[必考核心词汇 Word List 20]] ?
title: 2022hkw/20220119011932333592
type: text/vnd.tiddlywiki
word: associate