caption: {{||$:/plugins/oflg/fishing-cannedfish/2022hkw/SearchWord}}
created: 20220119011932349
creator: @oeyoews
difficulty: 2.5144789956043523
due: 20220313164729736
grade: -1
history: []
interval: 0
lapses: 0
modified: 20220312164729736
modifier: @oeyoews
reps: 1
retrievability: 1
review: 20220312164729736
stability: 0.10002899169921875
tags: 熟悉的陌生词 ?
title: 2022hkw/20220119011932349189
type: text/vnd.tiddlywiki
word: tender