caption: {{||$:/plugins/oflg/fishing-cannedfish/2022hkw/SearchWord}}
created: 20220119011932331
creator: @oeyoews
difficulty: 2.2581235181359487
due: 20220314094048856
grade: -1
history: []
interval: 0
lapses: 0
modified: 20220313094048856
modifier: @oeyoews
reps: 1
retrievability: 1
review: 20220313094048855
stability: 0.1000072479248047
tags: [[必考核心词汇 Word List 15]] ?
title: 2022hkw/20220119011932331700
type: text/vnd.tiddlywiki
word: vulgar