caption: {{||$:/plugins/oflg/fishing-cannedfish/2022hkw/SearchWord}}
created: 20220119011932335
creator: @oeyoews
difficulty: 2.5144789956043523
due: 20220313164725850
grade: -1
history: []
interval: 0
lapses: 0
modified: 20220312164725850
modifier: @oeyoews
reps: 1
retrievability: 1
review: 20220312164725849
stability: 0.10002899169921875
tags: [[基础词汇 Word List 3]] ?
title: 2022hkw/20220119011932335692
type: text/vnd.tiddlywiki
word: circus