caption: {{||$:/plugins/oflg/fishing-cannedfish/2022hkw/SearchWord}}
created: 20220119011932303
creator: @oeyoews
difficulty: 3.134729389433022
due: 20220311110128500
grade: -1
history: []
interval: 0
lapses: 0
modified: 20220311044458946
modifier: @oeyoews
reps: 1
retrievability: 1
review: 20220310110128500
stability: 0.10011596679687501
tags: [[必考核心词汇 Word List 8]] ?
title: 2022hkw/20220119011932303957
type: text/vnd.tiddlywiki
word: pocket