caption: {{||$:/plugins/oflg/fishing-cannedfish/2022hkw/SearchWord}}
created: 20220119011932334
creator: @oeyoews
difficulty: 2.2581235181359487
due: 20220314155950520
grade: -1
history: []
interval: 0
lapses: 0
modified: 20220313155950521
modifier: @oeyoews
reps: 1
retrievability: 1
review: 20220313155950520
stability: 0.1000072479248047
tags: [[基础词汇 Word List 1]] ?
title: 2022hkw/20220119011932334750
type: text/vnd.tiddlywiki
word: bearing