caption: {{||$:/plugins/oflg/fishing-cannedfish/2022hkw/SearchWord}}
created: 20220119011932341
creator: @oeyoews
difficulty: 3.134729389433022
due: 20220311110118363
grade: -1
history: []
interval: 0
lapses: 0
modified: 20220311044458948
modifier: @oeyoews
reps: 1
retrievability: 1
review: 20220310110118363
stability: 0.10011596679687501
tags: [[基础词汇 Word List 15]] ?
title: 2022hkw/20220119011932341487
type: text/vnd.tiddlywiki
word: mistress