caption: {{||$:/plugins/oflg/fishing-cannedfish/2022hkw/SearchWord}}
created: 20220119011932350
creator: @oeyoews
difficulty: 2.2581235181359487
due: 20220314044959106
grade: -1
history: []
interval: 0
lapses: 0
modified: 20220313044959106
modifier: @oeyoews
reps: 1
retrievability: 1
review: 20220313044959106
stability: 0.10001449584960938
tags: 熟悉的陌生词 ?
title: 2022hkw/20220119011932350633
type: text/vnd.tiddlywiki
word: forthcoming