caption: {{||$:/plugins/oflg/fishing-cannedfish/2022hkw/SearchWord}}
created: 20220119011932349
creator: @oeyoews
difficulty: 3.134729389433022
due: 20220311105734105
grade: -1
history: []
interval: 0
lapses: 0
modified: 20220311044458949
modifier: @oeyoews
reps: 1
retrievability: 1
review: 20220310105734105
stability: 0.10011596679687501
tags: 熟悉的陌生词 ?
title: 2022hkw/20220119011932349503
type: text/vnd.tiddlywiki
word: frame