caption: {{||$:/plugins/oflg/fishing-cannedfish/2022hkw/SearchWord}}
created: 20220119011932346
creator: @oeyoews
difficulty: 2.0312491183836356
due: 20220315003033756
grade: -1
history: []
interval: 0
lapses: 0
modified: 20220314003033756
modifier: @oeyoews
reps: 1
retrievability: 1
review: 20220314003033756
stability: 0.1000072479248047
tags: [[基础词汇 Word List 24]] ?
title: 2022hkw/20220119011932346675
type: text/vnd.tiddlywiki
word: thereby